------------------------------------------------------ 
:: Load Greens Functions | CM Reference Frame 
:: Computed at 11:07PM on May 09, 2020
------------------------------------------------------ 
theta | radial displacement (m/kg) | horizontal disp (m/kg) | r-disp*(a*th*10^12) | h-disp*(a*th*10^12) | gE*(10^18*(a*th)) | tE*(10^12*(a*th)^2) | e_rr*(10^18*(a*th)) | e_tt*(10^12*(a*th)^2) | e_ll*(10^12*(a*th)^2) | gN*(10^18*(a*th)) | tN*(10^12*(a*th)^2) 
0.00001 -3.7940e-11 -1.1550e-11 -4.2188e+01 -1.2843e+01 -1.0194e+02 4.2190e+01 5.4437e+00 1.2843e+01 -1.2843e+01 -5.2362e+00 6.7952e+00
0.00010 -3.7923e-12 -1.1550e-12 -4.2168e+01 -1.2843e+01 -1.0190e+02 4.2190e+01 5.2063e+00 1.2843e+01 -1.2843e+01 -5.2362e+00 6.7952e+00
0.00100 -3.7750e-13 -1.1549e-13 -4.1976e+01 -1.2842e+01 -1.0145e+02 4.2189e+01 2.8330e+00 1.2842e+01 -1.2843e+01 -5.2362e+00 6.7952e+00
0.01000 -3.6040e-14 -1.1517e-14 -4.0075e+01 -1.2806e+01 -9.6946e+01 4.2172e+01 -2.0751e+01 1.2872e+01 -1.2813e+01 -5.2362e+00 6.7952e+00
0.02000 -1.7084e-14 -5.7096e-15 -3.7993e+01 -1.2697e+01 -9.2012e+01 4.2108e+01 -4.6093e+01 1.2973e+01 -1.2711e+01 -5.2362e+00 6.7952e+00
0.03000 -1.0780e-14 -3.7530e-15 -3.5960e+01 -1.2519e+01 -8.7186e+01 4.1958e+01 -6.9733e+01 1.3133e+01 -1.2538e+01 -5.2362e+00 6.7952e+00
0.04000 -7.6430e-15 -2.7605e-15 -3.3995e+01 -1.2278e+01 -8.2510e+01 4.1685e+01 -9.0959e+01 1.3336e+01 -1.2302e+01 -5.2362e+00 6.7952e+00
0.06000 -4.5464e-15 -1.7444e-15 -3.0332e+01 -1.1638e+01 -7.3762e+01 4.0681e+01 -1.2410e+02 1.3786e+01 -1.1670e+01 -5.2362e+00 6.7952e+00
0.08000 -3.0474e-15 -1.2199e-15 -2.7109e+01 -1.0852e+01 -6.6001e+01 3.9019e+01 -1.4318e+02 1.4145e+01 -1.0889e+01 -5.2362e+00 6.7952e+00
0.10000 -2.1920e-15 -8.9917e-16 -2.4374e+01 -9.9983e+00 -5.9347e+01 3.6779e+01 -1.4861e+02 1.4265e+01 -1.0041e+01 -5.2362e+00 6.7952e+00
0.16000 -1.0652e-15 -4.3060e-16 -1.8951e+01 -7.6609e+00 -4.5737e+01 2.8616e+01 -1.1107e+02 1.2765e+01 -7.7138e+00 -5.2362e+00 6.7952e+00
0.20000 -7.6900e-16 -2.9655e-16 -1.7102e+01 -6.5949e+00 -4.0765e+01 2.3847e+01 -7.2365e+01 1.0768e+01 -6.6546e+00 -5.2362e+00 6.7952e+00
0.25000 -5.7276e-16 -2.0977e-16 -1.5922e+01 -5.8313e+00 -3.7268e+01 1.9754e+01 -3.3592e+01 8.2878e+00 -5.9008e+00 -5.2362e+00 6.7952e+00
0.30000 -4.6116e-16 -1.6520e-16 -1.5384e+01 -5.5110e+00 -3.5393e+01 1.7495e+01 -9.9934e+00 6.4436e+00 -5.5915e+00 -5.2362e+00 6.7952e+00
0.40000 -3.3625e-16 -1.2327e-16 -1.4956e+01 -5.4829e+00 -3.3522e+01 1.6029e+01 7.0577e+00 4.7847e+00 -5.5872e+00 -5.2362e+00 6.7952e+00
0.50000 -2.6411e-16 -1.0182e-16 -1.4684e+01 -5.6608e+00 -3.2373e+01 1.6001e+01 7.8951e+00 4.6667e+00 -5.7887e+00 -5.2362e+00 6.7952e+00
0.60000 -2.1561e-16 -8.6917e-17 -1.4385e+01 -5.7989e+00 -3.1381e+01 1.6197e+01 5.2476e+00 5.0543e+00 -5.9493e+00 -5.2363e+00 6.7952e+00
0.80000 -1.5406e-16 -6.5839e-17 -1.3704e+01 -5.8568e+00 -2.9557e+01 1.6395e+01 6.8992e-01 5.8909e+00 -6.0477e+00 -5.2363e+00 6.7952e+00
1.00000 -1.1690e-16 -5.1559e-17 -1.2999e+01 -5.7331e+00 -2.7891e+01 1.6331e+01 -1.4596e+00 6.3743e+00 -5.9594e+00 -5.2363e+00 6.7952e+00
1.20000 -9.2287e-17 -4.1468e-17 -1.2314e+01 -5.5332e+00 -2.6356e+01 1.6124e+01 -2.3334e+00 6.5862e+00 -5.7903e+00 -5.2363e+00 6.7951e+00
1.60000 -6.2173e-17 -2.8513e-17 -1.1061e+01 -5.0728e+00 -2.3621e+01 1.5477e+01 -2.7451e+00 6.6288e+00 -5.3804e+00 -5.2364e+00 6.7950e+00
2.00000 -4.4880e-17 -2.0764e-17 -9.9809e+00 -4.6176e+00 -2.1270e+01 1.4654e+01 -2.6514e+00 6.4714e+00 -4.9641e+00 -5.2365e+00 6.7949e+00
2.50000 -3.1877e-17 -1.4737e-17 -8.8613e+00 -4.0967e+00 -1.8798e+01 1.3512e+01 -2.3603e+00 6.1580e+00 -4.4808e+00 -5.2366e+00 6.7947e+00
3.00000 -2.3877e-17 -1.0910e-17 -7.9652e+00 -3.6395e+00 -1.6768e+01 1.2351e+01 -2.0173e+00 5.7734e+00 -4.0532e+00 -5.2368e+00 6.7945e+00
4.00000 -1.5040e-17 -6.5369e-18 -6.6895e+00 -2.9075e+00 -1.3728e+01 1.0220e+01 -1.3736e+00 4.9315e+00 -3.3698e+00 -5.2373e+00 6.7939e+00
5.00000 -1.0602e-17 -4.2721e-18 -5.8945e+00 -2.3752e+00 -1.1652e+01 8.4695e+00 -8.6530e-01 4.1133e+00 -2.8835e+00 -5.2379e+00 6.7931e+00
6.00000 -8.1038e-18 -2.9845e-18 -5.4066e+00 -1.9912e+00 -1.0206e+01 7.0983e+00 -4.8077e-01 3.3700e+00 -2.5501e+00 -5.2386e+00 6.7921e+00
7.00000 -6.5708e-18 -2.2036e-18 -5.1145e+00 -1.7152e+00 -9.1740e+00 6.0615e+00 -1.9570e-01 2.7209e+00 -2.3315e+00 -5.2395e+00 6.7910e+00
8.00000 -5.5600e-18 -1.7045e-18 -4.9459e+00 -1.5163e+00 -8.4136e+00 5.2998e+00 8.9554e-03 2.1766e+00 -2.1970e+00 -5.2405e+00 6.7897e+00
9.00000 -4.8505e-18 -1.3695e-18 -4.8542e+00 -1.3706e+00 -7.8311e+00 4.7533e+00 1.5014e-01 1.7377e+00 -2.1218e+00 -5.2416e+00 6.7882e+00
10.00000 -4.3226e-18 -1.1335e-18 -4.8066e+00 -1.2604e+00 -7.3592e+00 4.3594e+00 2.4223e-01 1.3980e+00 -2.0865e+00 -5.2429e+00 6.7866e+00
12.00000 -3.5892e-18 -8.2176e-19 -4.7893e+00 -1.0965e+00 -6.6392e+00 3.8992e+00 3.3204e-01 9.5095e-01 -2.0835e+00 -5.2458e+00 6.7828e+00
16.00000 -2.7164e-18 -4.6214e-19 -4.8327e+00 -8.2221e-01 -5.5822e+00 3.5420e+00 3.3539e-01 6.2497e-01 -2.1503e+00 -5.2533e+00 6.7730e+00
20.00000 -2.1812e-18 -2.2448e-19 -4.8508e+00 -4.9921e-01 -4.7286e+00 3.4225e+00 2.7466e-01 6.1065e-01 -2.1720e+00 -5.2629e+00 6.7604e+00
25.00000 -1.7191e-18 4.7662e-21 -4.7788e+00 1.3249e-02 -3.7805e+00 3.3731e+00 1.8382e-01 7.6653e-01 -2.0728e+00 -5.2780e+00 6.7404e+00
30.00000 -1.3751e-18 1.9311e-19 -4.5870e+00 6.4418e-01 -2.9045e+00 3.3348e+00 8.6822e-02 1.0772e+00 -1.8176e+00 -5.2965e+00 6.7157e+00
40.00000 -8.7446e-19 4.9762e-19 -3.8894e+00 2.2133e+00 -1.3565e+00 2.9425e+00 -1.0059e-01 2.0175e+00 -8.7385e-01 -5.3441e+00 6.6512e+00
50.00000 -5.2660e-19 7.2816e-19 -2.9278e+00 4.0484e+00 -2.1065e-01 1.8807e+00 -2.3101e-01 2.8737e+00 4.0948e-01 -5.4061e+00 6.5648e+00
60.00000 -2.7869e-19 8.8885e-19 -1.8593e+00 5.9301e+00 4.2424e-01 3.1782e-01 -2.7962e-01 3.1304e+00 1.6383e+00 -5.4834e+00 6.4535e+00
70.00000 -9.6688e-20 9.8424e-19 -7.5258e-01 7.6610e+00 5.6929e-01 -1.3500e+00 -2.5813e-01 2.6488e+00 2.4872e+00 -5.5766e+00 6.3136e+00
80.00000 4.4403e-20 1.0233e-18 3.9499e-01 9.1029e+00 3.3280e-01 -2.7772e+00 -1.9232e-01 1.5805e+00 2.7926e+00 -5.6871e+00 6.1404e+00
90.00000 1.6162e-19 1.0167e-18 1.6174e+00 1.0174e+01 -1.5103e-01 -3.7684e+00 -1.0663e-01 1.8709e-01 2.5406e+00 -5.8160e+00 5.9279e+00
100.00000 2.6518e-19 9.7401e-19 2.9486e+00 1.0831e+01 -7.6115e-01 -4.2723e+00 -1.8606e-02 -1.2844e+00 1.8133e+00 -5.9650e+00 5.6684e+00
110.00000 3.6013e-19 9.0330e-19 4.4049e+00 1.1049e+01 -1.4061e+00 -4.3366e+00 6.1401e-02 -2.6561e+00 7.3636e-01 -6.1361e+00 5.3524e+00
120.00000 4.4793e-19 8.1057e-19 5.9769e+00 1.0816e+01 -2.0267e+00 -4.0617e+00 1.2878e-01 -3.8321e+00 -5.6037e-01 -6.3316e+00 4.9679e+00
130.00000 5.2779e-19 7.0041e-19 7.6294e+00 1.0125e+01 -2.5912e+00 -3.5614e+00 1.8279e-01 -4.7889e+00 -1.9653e+00 -6.5544e+00 4.4997e+00
140.00000 5.9776e-19 5.7644e-19 9.3055e+00 8.9737e+00 -3.0879e+00 -2.9371e+00 2.2497e-01 -5.5585e+00 -3.3938e+00 -6.8078e+00 3.9286e+00
150.00000 6.5543e-19 4.4170e-19 1.0932e+01 7.3672e+00 -3.5183e+00 -2.2595e+00 2.5787e-01 -6.2083e+00 -4.7863e+00 -7.0960e+00 3.2299e+00
160.00000 6.9851e-19 2.9893e-19 1.2427e+01 5.3182e+00 -3.8896e+00 -1.5606e+00 2.8420e-01 -6.8250e+00 -6.1001e+00 -7.4239e+00 2.3720e+00
170.00000 7.2515e-19 1.5080e-19 1.3708e+01 2.8507e+00 -4.2098e+00 -8.2722e-01 3.0628e-01 -7.5023e+00 -7.2971e+00 -7.7978e+00 1.3134e+00
180.00000 7.3417e-19 0.0000e+00 1.4694e+01 0.0000e+00 -4.4828e+00 0.0000e+00 3.2557e-01 -8.3287e+00 -8.3287e+00 -8.2250e+00 -0.0000e+00
